batch_size: 256
clip_range: 0.34684275948872656
ent_coef: 4.142076547986963e-07
gae_lambda: 0.8411773270901388
gamma: 0.9199242728245233
learning_rate: 6.013429780136907e-05
n_steps: 2048
